0.999000000000 0.000038461538 0.000038461538 0.000038461538 0.000038461538 0.000038461538 0.000038461538 0.000038461538 0.000038461538 0.000038461538 0.000038461538 0.000038461538 0.000038461538 0.000038461538 0.000038461538 0.000038461538 0.000038461538 0.000038461538 0.000038461538 0.000038461538 0.000038461538 0.000038461538 0.000038461538 0.000038461538 0.000038461538 0.000038461538 0.000038461538 
0.000038461538 0.999000000000 0.000038461538 0.000038461538 0.000038461538 0.000038461538 0.000038461538 0.000038461538 0.000038461538 0.000038461538 0.000038461538 0.000038461538 0.000038461538 0.000038461538 0.000038461538 0.000038461538 0.000038461538 0.000038461538 0.000038461538 0.000038461538 0.000038461538 0.000038461538 0.000038461538 0.000038461538 0.000038461538 0.000038461538 0.000038461538 
0.000038461538 0.000038461538 0.999000000000 0.000038461538 0.000038461538 0.000038461538 0.000038461538 0.000038461538 0.000038461538 0.000038461538 0.000038461538 0.000038461538 0.000038461538 0.000038461538 0.000038461538 0.000038461538 0.000038461538 0.000038461538 0.000038461538 0.000038461538 0.000038461538 0.000038461538 0.000038461538 0.000038461538 0.000038461538 0.000038461538 0.000038461538 
0.000038461538 0.000038461538 0.000038461538 0.999000000000 0.000038461538 0.000038461538 0.000038461538 0.000038461538 0.000038461538 0.000038461538 0.000038461538 0.000038461538 0.000038461538 0.000038461538 0.000038461538 0.000038461538 0.000038461538 0.000038461538 0.000038461538 0.000038461538 0.000038461538 0.000038461538 0.000038461538 0.000038461538 0.000038461538 0.000038461538 0.000038461538 
0.000038461538 0.000038461538 0.000038461538 0.000038461538 0.999000000000 0.000038461538 0.000038461538 0.000038461538 0.000038461538 0.000038461538 0.000038461538 0.000038461538 0.000038461538 0.000038461538 0.000038461538 0.000038461538 0.000038461538 0.000038461538 0.000038461538 0.000038461538 0.000038461538 0.000038461538 0.000038461538 0.000038461538 0.000038461538 0.000038461538 0.000038461538 
0.000038461538 0.000038461538 0.000038461538 0.000038461538 0.000038461538 0.999000000000 0.000038461538 0.000038461538 0.000038461538 0.000038461538 0.000038461538 0.000038461538 0.000038461538 0.000038461538 0.000038461538 0.000038461538 0.000038461538 0.000038461538 0.000038461538 0.000038461538 0.000038461538 0.000038461538 0.000038461538 0.000038461538 0.000038461538 0.000038461538 0.000038461538 
0.000038461538 0.000038461538 0.000038461538 0.000038461538 0.000038461538 0.000038461538 0.999000000000 0.000038461538 0.000038461538 0.000038461538 0.000038461538 0.000038461538 0.000038461538 0.000038461538 0.000038461538 0.000038461538 0.000038461538 0.000038461538 0.000038461538 0.000038461538 0.000038461538 0.000038461538 0.000038461538 0.000038461538 0.000038461538 0.000038461538 0.000038461538 
0.000038461538 0.000038461538 0.000038461538 0.000038461538 0.000038461538 0.000038461538 0.000038461538 0.999000000000 0.000038461538 0.000038461538 0.000038461538 0.000038461538 0.000038461538 0.000038461538 0.000038461538 0.000038461538 0.000038461538 0.000038461538 0.000038461538 0.000038461538 0.000038461538 0.000038461538 0.000038461538 0.000038461538 0.000038461538 0.000038461538 0.000038461538 
0.000038461538 0.000038461538 0.000038461538 0.000038461538 0.000038461538 0.000038461538 0.000038461538 0.000038461538 0.999000000000 0.000038461538 0.000038461538 0.000038461538 0.000038461538 0.000038461538 0.000038461538 0.000038461538 0.000038461538 0.000038461538 0.000038461538 0.000038461538 0.000038461538 0.000038461538 0.000038461538 0.000038461538 0.000038461538 0.000038461538 0.000038461538 
0.000038461538 0.000038461538 0.000038461538 0.000038461538 0.000038461538 0.000038461538 0.000038461538 0.000038461538 0.000038461538 0.999000000000 0.000038461538 0.000038461538 0.000038461538 0.000038461538 0.000038461538 0.000038461538 0.000038461538 0.000038461538 0.000038461538 0.000038461538 0.000038461538 0.000038461538 0.000038461538 0.000038461538 0.000038461538 0.000038461538 0.000038461538 
0.000038461538 0.000038461538 0.000038461538 0.000038461538 0.000038461538 0.000038461538 0.000038461538 0.000038461538 0.000038461538 0.000038461538 0.999000000000 0.000038461538 0.000038461538 0.000038461538 0.000038461538 0.000038461538 0.000038461538 0.000038461538 0.000038461538 0.000038461538 0.000038461538 0.000038461538 0.000038461538 0.000038461538 0.000038461538 0.000038461538 0.000038461538 
0.000038461538 0.000038461538 0.000038461538 0.000038461538 0.000038461538 0.000038461538 0.000038461538 0.000038461538 0.000038461538 0.000038461538 0.000038461538 0.999000000000 0.000038461538 0.000038461538 0.000038461538 0.000038461538 0.000038461538 0.000038461538 0.000038461538 0.000038461538 0.000038461538 0.000038461538 0.000038461538 0.000038461538 0.000038461538 0.000038461538 0.000038461538 
0.000038461538 0.000038461538 0.000038461538 0.000038461538 0.000038461538 0.000038461538 0.000038461538 0.000038461538 0.000038461538 0.000038461538 0.000038461538 0.000038461538 0.999000000000 0.000038461538 0.000038461538 0.000038461538 0.000038461538 0.000038461538 0.000038461538 0.000038461538 0.000038461538 0.000038461538 0.000038461538 0.000038461538 0.000038461538 0.000038461538 0.000038461538 
0.000038461538 0.000038461538 0.000038461538 0.000038461538 0.000038461538 0.000038461538 0.000038461538 0.000038461538 0.000038461538 0.000038461538 0.000038461538 0.000038461538 0.000038461538 0.999000000000 0.000038461538 0.000038461538 0.000038461538 0.000038461538 0.000038461538 0.000038461538 0.000038461538 0.000038461538 0.000038461538 0.000038461538 0.000038461538 0.000038461538 0.000038461538 
0.000038461538 0.000038461538 0.000038461538 0.000038461538 0.000038461538 0.000038461538 0.000038461538 0.000038461538 0.000038461538 0.000038461538 0.000038461538 0.000038461538 0.000038461538 0.000038461538 0.999000000000 0.000038461538 0.000038461538 0.000038461538 0.000038461538 0.000038461538 0.000038461538 0.000038461538 0.000038461538 0.000038461538 0.000038461538 0.000038461538 0.000038461538 
0.000038461538 0.000038461538 0.000038461538 0.000038461538 0.000038461538 0.000038461538 0.000038461538 0.000038461538 0.000038461538 0.000038461538 0.000038461538 0.000038461538 0.000038461538 0.000038461538 0.000038461538 0.999000000000 0.000038461538 0.000038461538 0.000038461538 0.000038461538 0.000038461538 0.000038461538 0.000038461538 0.000038461538 0.000038461538 0.000038461538 0.000038461538 
0.000038461538 0.000038461538 0.000038461538 0.000038461538 0.000038461538 0.000038461538 0.000038461538 0.000038461538 0.000038461538 0.000038461538 0.000038461538 0.000038461538 0.000038461538 0.000038461538 0.000038461538 0.000038461538 0.999000000000 0.000038461538 0.000038461538 0.000038461538 0.000038461538 0.000038461538 0.000038461538 0.000038461538 0.000038461538 0.000038461538 0.000038461538 
0.000038461538 0.000038461538 0.000038461538 0.000038461538 0.000038461538 0.000038461538 0.000038461538 0.000038461538 0.000038461538 0.000038461538 0.000038461538 0.000038461538 0.000038461538 0.000038461538 0.000038461538 0.000038461538 0.000038461538 0.999000000000 0.000038461538 0.000038461538 0.000038461538 0.000038461538 0.000038461538 0.000038461538 0.000038461538 0.000038461538 0.000038461538 
0.000038461538 0.000038461538 0.000038461538 0.000038461538 0.000038461538 0.000038461538 0.000038461538 0.000038461538 0.000038461538 0.000038461538 0.000038461538 0.000038461538 0.000038461538 0.000038461538 0.000038461538 0.000038461538 0.000038461538 0.000038461538 0.999000000000 0.000038461538 0.000038461538 0.000038461538 0.000038461538 0.000038461538 0.000038461538 0.000038461538 0.000038461538 
0.000038461538 0.000038461538 0.000038461538 0.000038461538 0.000038461538 0.000038461538 0.000038461538 0.000038461538 0.000038461538 0.000038461538 0.000038461538 0.000038461538 0.000038461538 0.000038461538 0.000038461538 0.000038461538 0.000038461538 0.000038461538 0.000038461538 0.999000000000 0.000038461538 0.000038461538 0.000038461538 0.000038461538 0.000038461538 0.000038461538 0.000038461538 
0.000038461538 0.000038461538 0.000038461538 0.000038461538 0.000038461538 0.000038461538 0.000038461538 0.000038461538 0.000038461538 0.000038461538 0.000038461538 0.000038461538 0.000038461538 0.000038461538 0.000038461538 0.000038461538 0.000038461538 0.000038461538 0.000038461538 0.000038461538 0.999000000000 0.000038461538 0.000038461538 0.000038461538 0.000038461538 0.000038461538 0.000038461538 
0.000038461538 0.000038461538 0.000038461538 0.000038461538 0.000038461538 0.000038461538 0.000038461538 0.000038461538 0.000038461538 0.000038461538 0.000038461538 0.000038461538 0.000038461538 0.000038461538 0.000038461538 0.000038461538 0.000038461538 0.000038461538 0.000038461538 0.000038461538 0.000038461538 0.999000000000 0.000038461538 0.000038461538 0.000038461538 0.000038461538 0.000038461538 
0.000038461538 0.000038461538 0.000038461538 0.000038461538 0.000038461538 0.000038461538 0.000038461538 0.000038461538 0.000038461538 0.000038461538 0.000038461538 0.000038461538 0.000038461538 0.000038461538 0.000038461538 0.000038461538 0.000038461538 0.000038461538 0.000038461538 0.000038461538 0.000038461538 0.000038461538 0.999000000000 0.000038461538 0.000038461538 0.000038461538 0.000038461538 
0.000038461538 0.000038461538 0.000038461538 0.000038461538 0.000038461538 0.000038461538 0.000038461538 0.000038461538 0.000038461538 0.000038461538 0.000038461538 0.000038461538 0.000038461538 0.000038461538 0.000038461538 0.000038461538 0.000038461538 0.000038461538 0.000038461538 0.000038461538 0.000038461538 0.000038461538 0.000038461538 0.999000000000 0.000038461538 0.000038461538 0.000038461538 
0.000038461538 0.000038461538 0.000038461538 0.000038461538 0.000038461538 0.000038461538 0.000038461538 0.000038461538 0.000038461538 0.000038461538 0.000038461538 0.000038461538 0.000038461538 0.000038461538 0.000038461538 0.000038461538 0.000038461538 0.000038461538 0.000038461538 0.000038461538 0.000038461538 0.000038461538 0.000038461538 0.000038461538 0.999000000000 0.000038461538 0.000038461538 
0.000038461538 0.000038461538 0.000038461538 0.000038461538 0.000038461538 0.000038461538 0.000038461538 0.000038461538 0.000038461538 0.000038461538 0.000038461538 0.000038461538 0.000038461538 0.000038461538 0.000038461538 0.000038461538 0.000038461538 0.000038461538 0.000038461538 0.000038461538 0.000038461538 0.000038461538 0.000038461538 0.000038461538 0.000038461538 0.999000000000 0.000038461538 
0.000038461538 0.000038461538 0.000038461538 0.000038461538 0.000038461538 0.000038461538 0.000038461538 0.000038461538 0.000038461538 0.000038461538 0.000038461538 0.000038461538 0.000038461538 0.000038461538 0.000038461538 0.000038461538 0.000038461538 0.000038461538 0.000038461538 0.000038461538 0.000038461538 0.000038461538 0.000038461538 0.000038461538 0.000038461538 0.000038461538 0.999000000000 
